下位机上传指令：
44字节请求下发经纬度数据：dd dd dd dd 00 00 00 2c 00 00 00 02 00 00 00 00 00 00 00 01 00 00 00 01 00 00 00 18  00 00 00 00 00 00 00 00 00 00 00 00 cc cc cc cc

68字节上发车辆状态数据：dd dd dd dd 00 00 00 44 00 00 00 02 00 00 00 00 00 00 00 01 00 00 00 01 00 00 00 18 00 00 00 01 00 00 00 05 00 00 00 05 00 00 00 03 00 00 00 02 00 00 00 00 00 00 00 00 00 00 00 00 00 00 00 00 cc cc cc cc


64字节上传车辆所处经纬度：dd dd dd dd 00 00 00 40 00 00 00 02 00 00 00 00 00 00 00 01 00 00 00 01 00 00 00 18 00 00 00 01 40 5E 02 B1 7A A5 B9 23 40 3E 3B 39 59 08 7F BB 00 00 00 00 00 00 00 00 00 00 00 00 cc cc cc cc


上传字节大于200为图像数据：dd dd dd dd 00 00 00 dd 00 00 00 02 00 00 00 00 00 00 00 01 00 00 00 01 00 00 00 18 00 00 00 01 00 00 00 05 00 00 00 05 00 00 00 03 00 00 00 02 00 00 00 00 00 00 00 00 00 00 00 00 00 00 00 00 00 00 00 00 00 00 00 00 00 00 00 00 00 00 00 00 00 00 00 00 00 00 00 00 00 00 00 00 00 00 00 00 00 00 00 00 00 00 00 00 00 00 00 00 00 00 00 00 00 00 00 00 00 00 00 00 00 00 00 00 00 00 00 00 00 00 00 00 00 00 00 00 00 00 00 00 00 00 00 00 00 00 00 00 00 00 00 00 00 00 00 00 00 00 00 00 00 00 00 00 00 00 00 00 00 00 00 00 00 00 00 00 00 00 00 00 00 00 00 00 00 00 00 00 00 00 00 00 00 00 00 00 00 00 00 00 00 00 00 00 00 00 00 00 00 00 00 00 00 00 00 00 00 00 00 00 00 00 00 00 cc cc cc cc


上位机下发指令：
未来五个点的经纬度：FF FF FF FF 00 00 00 7C 00 00 00 00 00 00 00 00 00 00 00 01 00 00 00 01 00 00 00 50 00 00 00 05 40 5E 02 B1 7A A5 B9 23 40 3E 3B 39 59 08 7F BB 40 5E 02 B1 69 70 67 D9 40 3E 3B 39 1E 15 2B F0 40 5E 02 B1 58 3B 16 6A 40 3E 3B 38 E3 21 D7 9D 40 5E 02 B1 47 05 C4 D3 40 3E 3B 38 A8 2E 82 C7 40 5E 02 B1 35 D0 73 15 40 3E 3B 38 6D 3B 2D 6B 00 00 00 00 00 00 00 00 00 00 00 00 EE EE EE EE