经纬度转换：pack_unpack.py
data_float = 120.03571871343244
data_float2 =30.224876534638387
dataTobytes = struct.pack('!2i2d1B1B1B1B', data_int1。。。
print(dataTobytes[i],hex(dataTobytes[i])) 


BD格式

120.04862759640338     64 94 3 28 182 236 15 20     \x40\x5e\x03\x1c\xb6\xec\x0f\x14
30.237128736109234     64 62 60 180 120 6 135 238   \x40\x3e\x3c\xb4\x78\x06\x87\xee
120.0457642526888      64 94 2 237 205 48 39 244    \x40\x5e\x02\xed\xcd\x30\x27\xf4
30.23500645123769      64 62 60 41 97 254 106 55    \x40\x3e\x3c\x29\x61\xfe\x6a\x37
120.04440899977999
30.23384533920924
120.04379918818535
30.231928865858837
120.04286944334262
30.23141437018473
120.04223165785434
30.230766835978997


dd dd dd dd 00 00 00 44 00 00 00 02 00 00 00 00 00 00 00 01 00 00 00 01 00 00 00 18 00 00 00 01 40 5E 02 B1 7A A5 B9 23 40 3E 3B 39 59 08 7F BB 00 00 00 00 00 00 00 00 00 00 00 00 cc cc cc cc

dd dd dd dd 00 00 00 44 00 00 00 02 00 00 00 00 00 00 00 01 00 00 00 01 00 00 00 18 00 00 00 01 40 5e 03 1c b6 ec 0f 14 40 3e 3c b4 78 06 87 ee 00 00 00 00 00 00 00 00 00 00 00 00 cc cc cc cc

dd dd dd dd 00 00 00 44 00 00 00 02 00 00 00 00 00 00 00 01 00 00 00 01 00 00 00 18 00 00 00 01 40 5e 02 ed cd 30 27 f4 40 3e 3c 29 61 fe 6a 37 00 00 00 00 00 00 00 00 00 00 00 00 cc cc cc cc



GPS 格式
120.04208246406465        64 94 2 177 122 165 185 35      40 5e 02 b1 7a a5 b9 23
30.231343807768763        64 62 59 57 89 8 127 187        40 3e 3b 39 59 08 7f bb
120.04125528520329        64 94 2 163 237 53 47 15        40 5e 02 a3 ed 35 2f 0f
30.230187734926144        64 62 58 237 149 89 114 183     40 3e 3a ed 95 59 72 b7
120.03976654718724        64 94 2 139 136 252 233 56      40 5e 02 8b 88 fc e9 38
30.229539137768825        64 62 58 195 19 177 222 128     40 3e 3a c3 13 b1 de 80
120.0390446815322         64 94 2 127 181 67 144 222      40 5e 02 7f b5 43 90 de
30.22900716622961         64 62 58 160 54 177 129 125     40 3e 3a a0 36 b1 81 7d
120.03839507798668        64 94 2 117 16 161 17 238       40 5e 02 75 10 a1 11 ee
30.228426232671595        64 62 58 122 36 62 223 124      40 3e 3a 7a 24 3e df 7c
120.03729516488211        64 94 2 99 11 66 93 237         40 5e 02 63 0b 42 5d ed
30.227492764336816        64 62 58 60 247 62 231 60       40 3e 3a 3c f7 3e e7 3c
120.0372606223047         64 94 2 98 122 96 142 140       40 5e 02 62 7a 60 8e 8c 
30.22591409619938         64 62 57 213 129 150 225 185    40 3e 39 d5 81 96 e1 b9
120.03630754850532        64 94 2 82 220 229 91 105       40 5e 02 52 dc e5 5b 69
30.2255037279416          64 62 57 186 156 192 162 160    40 3e 39 ba 9c c0 a2 a0
120.03571871343244        64 94 2 73 55 36 131 11         40 5e 02 49 37 24 83 0b
30.224876534638387        64 62 57 145 130 49 232 225     40 3e 39 91 82 31 e8 e1

dd dd dd dd 00 00 00 44 00 00 00 02 00 00 00 00 00 00 00 01 00 00 00 01 00 00 00 18 00 00 00 01 40 5e 02 b1 7a a5 b9 23 40 3e 3b 39 59 08 7f bb 00 00 00 00 00 00 00 00 00 00 00 00 cc cc cc cc


dd dd dd dd 00 00 00 44 00 00 00 02 00 00 00 00 00 00 00 01 00 00 00 01 00 00 00 18 00 00 00 01 40 5e 02 a3 ed 35 2f 0f 40 3e 3a ed 95 59 72 b7 00 00 00 00 00 00 00 00 00 00 00 00 cc cc cc cc

dd dd dd dd 00 00 00 44 00 00 00 02 00 00 00 00 00 00 00 01 00 00 00 01 00 00 00 18 00 00 00 01 40 5e 02 8b 88 fc e9 38 40 3e 3a c3 13 b1 de 80 00 00 00 00 00 00 00 00 00 00 00 00 cc cc cc cc

dd dd dd dd 00 00 00 44 00 00 00 02 00 00 00 00 00 00 00 01 00 00 00 01 00 00 00 18 00 00 00 01 40 5e 02 7f b5 43 90 de 40 3e 3a a0 36 b1 81 7d 00 00 00 00 00 00 00 00 00 00 00 00 cc cc cc cc

dd dd dd dd 00 00 00 44 00 00 00 02 00 00 00 00 00 00 00 01 00 00 00 01 00 00 00 18 00 00 00 01 40 5e 02 75 10 a1 11 ee 40 3e 3a 7a 24 3e df 7c 00 00 00 00 00 00 00 00 00 00 00 00 cc cc cc cc

dd dd dd dd 00 00 00 44 00 00 00 02 00 00 00 00 00 00 00 01 00 00 00 01 00 00 00 18 00 00 00 01 40 5e 02 63 0b 42 5d ed 40 3e 3a 3c f7 3e e7 3c 00 00 00 00 00 00 00 00 00 00 00 00 cc cc cc cc

dd dd dd dd 00 00 00 44 00 00 00 02 00 00 00 00 00 00 00 01 00 00 00 01 00 00 00 18 00 00 00 01 40 5e 02 62 7a 60 8e 8c 40 3e 39 d5 81 96 e1 b9 00 00 00 00 00 00 00 00 00 00 00 00 cc cc cc cc

dd dd dd dd 00 00 00 44 00 00 00 02 00 00 00 00 00 00 00 01 00 00 00 01 00 00 00 18 00 00 00 01 40 5e 02 52 dc e5 5b 69 40 3e 39 ba 9c c0 a2 a0 00 00 00 00 00 00 00 00 00 00 00 00 cc cc cc cc

dd dd dd dd 00 00 00 44 00 00 00 02 00 00 00 00 00 00 00 01 00 00 00 01 00 00 00 18 00 00 00 01 40 5e 02 49 37 24 83 0b 40 3e 39 91 82 31 e8 e1 00 00 00 00 00 00 00 00 00 00 00 00 cc cc cc cc