120.03731358,30.23369738
120.03730948555555,30.233693876666667
120.03730539111112,30.23369037333333
120.03730129666667,30.23368687
120.03729720222222,30.233683366666668
120.03729310777778,30.233679863333332
120.03728901333334,30.23367636
120.03728491888889,30.23367285666667
120.03728082444445,30.233669353333333
120.03727673,30.23366585
120.03727673,30.23366585
120.03727263555555,30.23366234777778
120.03726854111112,30.233658845555556
120.03726444666667,30.233655343333336
120.03726035222222,30.23365184111111
120.03725625777778,30.23364833888889
120.03725216333333,30.233644836666667
120.03724806888889,30.233641334444446
120.03724397444445,30.23363783222222
120.03723988,30.23363433
120.03723988,30.23363433
120.03723578555555,30.23363082777778
120.03723169111112,30.233627325555556
120.03722759666667,30.233623823333335
120.03722350222222,30.23362032111111
120.03721940777778,30.23361681888889
120.03721531333333,30.233613316666666
120.03721121888888,30.233609814444446
120.03720712444445,30.23360631222222
120.03720303,30.23360281
120.03720303,30.23360281
120.03720143222222,30.233601442222223
120.03719983444445,30.233600074444446
120.03719823666667,30.233598706666665
120.03719663888889,30.233597338888888
120.03719504111112,30.23359597111111
120.03719344333334,30.233594603333334
120.03719184555555,30.233593235555553
120.03719024777779,30.233591867777776
120.03718865,30.2335905
120.03718865,30.2335905
120.03718694888889,30.23358784222222
120.03718524777778,30.233585184444443
120.03718354666667,30.233582526666666
120.03718184555555,30.23357986888889
120.03718014444445,30.23357721111111
120.03717844333333,30.233574553333334
120.03717674222221,30.233571895555556
120.03717504111111,30.23356923777778
120.03717334,30.23356658
120.03717334,30.23356658
120.0371705511111,30.23356222
120.03716776222221,30.23355786
120.03716497333333,30.2335535
120.03716218444444,30.23354914
120.03715939555555,30.23354478
120.03715660666666,30.23354042
120.03715381777778,30.23353606
120.03715102888889,30.2335317
120.03714824,30.23352734
120.03714824,30.23352734
120.03714545,30.23352298
120.03714266,30.233518619999998
120.03713986999999,30.23351426
120.03713708,30.233509899999998
120.03713429,30.23350554
120.0371315,30.233501179999998
120.03712870999999,30.23349682
120.03712592,30.233492459999997
120.03712313,30.2334881
120.03712313,30.2334881
120.0371203411111,30.23348373888889
120.03711755222221,30.233479377777776
120.03711476333334,30.233475016666667
120.03711197444444,30.233470655555553
120.03710918555555,30.233466294444444
120.03710639666666,30.23346193333333
120.03710360777778,30.23345757222222
120.03710081888889,30.233453211111108
120.03709803,30.23344885
120.03709803,30.23344885
120.03709719999999,30.23344755222222
120.03709637,30.23344625444444
120.03709554,30.233444956666666
120.03709470999999,30.233443658888888
120.03709388,30.23344236111111
120.03709305,30.23344106333333
120.03709221999999,30.233439765555556
120.03709139,30.233438467777777
120.03709056,30.23343717
120.03709056,30.23343717
120.03708860222221,30.233434106666664
120.03708664444444,30.233431043333333
120.03708468666666,30.23342798
120.03708272888889,30.233424916666667
120.0370807711111,30.233421853333333
120.03707881333334,30.23341879
120.03707685555555,30.233415726666667
120.03707489777779,30.233412663333336
120.03707294,30.2334096
120.03707294,30.2334096
120.03707015444445,30.233405238888892
120.03706736888888,30.23340087777778
120.03706458333333,30.23339651666667
120.03706179777778,30.233392155555556
120.03705901222222,30.233387794444447
120.03705622666666,30.233383433333334
120.03705344111111,30.233379072222224
120.03705065555555,30.23337471111111
120.03704787,30.23337035
120.03704787,30.23337035
120.03704508333333,30.23336598888889
120.03704229666666,30.23336162777778
120.03703951,30.23335726666667
120.03703672333333,30.233352905555556
120.03703393666666,30.233348544444446
120.03703114999999,30.233344183333333
120.03702836333333,30.233339822222224
120.03702557666666,30.23333546111111
120.03702279,30.2333311
120.03702279,30.2333311
120.03702000333332,30.23332673777778
120.03701721666665,30.233322375555556
120.03701443,30.233318013333335
120.03701164333333,30.23331365111111
120.03700885666666,30.23330928888889
120.03700606999999,30.233304926666666
120.03700328333333,30.233300564444445
120.03700049666666,30.23329620222222
120.03699771,30.23329184
120.03699771,30.23329184
120.03699492333332,30.23328747888889
120.03699213666665,30.233283117777777
120.03698935,30.233278756666667
120.03698656333333,30.233274395555554
120.03698377666666,30.233270034444445
120.03698098999999,30.23326567333333
120.03697820333333,30.233261312222222
120.03697541666666,30.23325695111111
120.03697263,30.23325259
120.03697263,30.23325259
120.03696984333332,30.23324822888889
120.03696705666665,30.233243867777777
120.03696427,30.233239506666667
120.03696148333333,30.233235145555554
120.03695869666666,30.233230784444444
120.03695590999999,30.23322642333333
120.03695312333333,30.23322206222222
120.03695033666666,30.23321770111111
120.03694755,30.23321334
120.03694755,30.23321334
120.03694476444444,30.233208977777778
120.03694197888889,30.233204615555554
120.03693919333332,30.233200253333333
120.03693640777777,30.233195891111112
120.03693362222222,30.233191528888888
120.03693083666667,30.233187166666667
120.0369280511111,30.233182804444446
120.03692526555555,30.233178442222222
120.03692248,30.23317408
120.03692248,30.23317408
120.03692134,30.23317229555556
120.0369202,30.233170511111112
120.03691906,30.23316872666667
120.03691792000001,30.233166942222223
120.03691678,30.23316515777778
120.03691564,30.233163373333333
120.03691450000001,30.23316158888889
120.03691336,30.233159804444444
120.03691222,30.23315802
120.03691222,30.23315802
120.03691059111111,30.233155434444445
120.03690896222223,30.23315284888889
120.03690733333333,30.233150263333336
120.03690570444445,30.23314767777778
120.03690407555555,30.233145092222223
120.03690244666667,30.233142506666667
120.03690081777778,30.233139921111114
120.0368991888889,30.233137335555558
120.03689756,30.23313475
120.03689756,30.23313475
120.03689480333334,30.233130374444446
120.03689204666667,30.23312599888889
120.03688929,30.233121623333336
120.03688653333333,30.23311724777778
120.03688377666667,30.23311287222222
120.03688102,30.233108496666667
120.03687826333334,30.23310412111111
120.03687550666666,30.233099745555556
120.03687275,30.23309537
120.03687275,30.23309537
120.03686999222222,30.233090994444446
120.03686723444444,30.23308661888889
120.03686447666666,30.233082243333335
120.03686171888889,30.23307786777778
120.03685896111111,30.23307349222222
120.03685620333333,30.233069116666666
120.03685344555555,30.23306474111111
120.03685068777777,30.233060365555556
120.03684793,30.23305599
120.03684793,30.23305599
120.03684517333333,30.233051614444445
120.03684241666666,30.23304723888889
120.03683966,30.233042863333335
120.03683690333332,30.23303848777778
120.03683414666666,30.23303411222222
120.03683138999999,30.233029736666666
120.03682863333333,30.23302536111111
120.03682587666665,30.233020985555555
120.03682312,30.23301661
120.03682312,30.23301661
120.03682036333333,30.233012234444445
120.03681760666666,30.23300785888889
120.03681485,30.233003483333334
120.03681209333332,30.23299910777778
120.03680933666666,30.23299473222222
120.03680657999999,30.232990356666665
120.03680382333333,30.23298598111111
120.03680106666665,30.232981605555555
120.03679831,30.23297723
120.03679831,30.23297723
120.03679555333333,30.232972854444444
120.03679279666666,30.23296847888889
120.03679004,30.232964103333334
120.03678728333333,30.23295972777778
120.03678452666666,30.23295535222222
120.03678176999999,30.232950976666665
120.03677901333333,30.23294660111111
120.03677625666666,30.232942225555554
120.0367735,30.23293785
120.0367735,30.23293785
120.03677074333334,30.232933474444444
120.03676798666666,30.23292909888889
120.03676523,30.232924723333333
120.03676247333333,30.232920347777778
120.03675971666667,30.23291597222222
120.03675695999999,30.232911596666664
120.03675420333333,30.23290722111111
120.03675144666666,30.232902845555554
120.03674869,30.23289847
120.03674869,30.23289847
120.03674704444444,30.232895857777777
120.03674539888888,30.232893245555555
120.03674375333333,30.232890633333334
120.03674210777777,30.232888021111112
120.03674046222223,30.232885408888887
120.03673881666667,30.232882796666665
120.03673717111111,30.232880184444443
120.03673552555556,30.232877572222222
120.03673388,30.23287496
120.03673388,30.23287496
120.03673275444444,30.232873203333334
120.03673162888889,30.232871446666667
120.03673050333333,30.23286969
120.03672937777777,30.232867933333335
120.03672825222222,30.232866176666665
120.03672712666666,30.23286442
120.0367260011111,30.232862663333332
120.03672487555555,30.232860906666666
120.03672375,30.23285915
120.03672375,30.23285915
120.03672095666666,30.232854791111112
120.03671816333333,30.23285043222222
120.03671537,30.232846073333334
120.03671257666666,30.232841714444444
120.03670978333334,30.232837355555557
120.03670699,30.232832996666666
120.03670419666666,30.23282863777778
120.03670140333334,30.232824278888888
120.03669861,30.23281992
120.03669861,30.23281992
120.03669581777778,30.23281556222222
120.03669302555556,30.232811204444445
120.03669023333333,30.232806846666666
120.03668744111111,30.23280248888889
120.0366846488889,30.23279813111111
120.03668185666668,30.232793773333334
120.03667906444444,30.232789415555555
120.03667627222222,30.23278505777778
120.03667348,30.2327807
120.03667348,30.2327807
120.03667068666667,30.232776341111112
120.03666789333333,30.23277198222222
120.03666510000001,30.232767623333334
120.03666230666667,30.232763264444444
120.03665951333333,30.232758905555556
120.03665672,30.232754546666666
120.03665392666667,30.23275018777778
120.03665113333334,30.232745828888888
120.03664834,30.23274147
120.03664834,30.23274147
120.03664554666666,30.23273711222222
120.03664275333333,30.232732754444445
120.03663996,30.232728396666666
120.03663716666667,30.23272403888889
120.03663437333333,30.23271968111111
120.03663157999999,30.232715323333334
120.03662878666667,30.232710965555555
120.03662599333333,30.23270660777778
120.0366232,30.23270225
120.0366232,30.23270225
120.03662040777778,30.232697891111112
120.03661761555556,30.23269353222222
120.03661482333332,30.232689173333334
120.0366120311111,30.232684814444443
120.03660923888889,30.232680455555556
120.03660644666667,30.232676096666665
120.03660365444443,30.23267173777778
120.03660086222222,30.232667378888888
120.03659807,30.23266302
120.03659807,30.23266302
120.03659527666666,30.23265866222222
120.03659248333334,30.232654304444445
120.03658969,30.232649946666665
120.03658689666666,30.23264558888889
120.03658410333334,30.23264123111111
120.03658131,30.232636873333334
120.03657851666667,30.232632515555554
120.03657572333334,30.23262815777778
120.03657293,30.2326238
120.03657293,30.2326238
120.03657149333334,30.232621558888887
120.03657005666668,30.232619317777775
120.03656862,30.232617076666667
120.03656718333333,30.232614835555555
120.03656574666667,30.232612594444443
120.03656431,30.23261035333333
120.03656287333332,30.232608112222223
120.03656143666666,30.23260587111111
120.03656,30.23260363
120.03656,30.23260363
120.03655799111111,30.232601946666666
120.03655598222223,30.23260026333333
120.03655397333333,30.23259858
120.03655196444444,30.232596896666667
120.03654995555556,30.232595213333333
120.03654794666667,30.23259353
120.03654593777777,30.23259184666667
120.03654392888889,30.232590163333334
120.03654192,30.23258848
120.03654192,30.23258848
120.03653778222223,30.232585015555557
120.03653364444445,30.23258155111111
120.03652950666667,30.232578086666667
120.03652536888889,30.232574622222224
120.03652123111111,30.232571157777777
120.03651709333333,30.232567693333333
120.03651295555555,30.23256422888889
120.03650881777777,30.232560764444443
120.03650468,30.2325573
120.03650468,30.2325573
120.03650054222221,30.232553835555557
120.03649640444443,30.23255037111111
120.03649226666666,30.232546906666666
120.03648812888888,30.232543442222223
120.03648399111111,30.232539977777776
120.03647985333333,30.232536513333333
120.03647571555555,30.23253304888889
120.03647157777777,30.232529584444443
120.03646744,30.23252612
120.03646744,30.23252612
120.03646330222222,30.232522656666667
120.03645916444444,30.23251919333333
120.03645502666666,30.23251573
120.03645088888888,30.232512266666667
120.03644675111111,30.23250880333333
120.03644261333334,30.23250534
120.03643847555556,30.232501876666667
120.03643433777778,30.23249841333333
120.0364302,30.23249495
120.0364302,30.23249495
120.03642727333333,30.232492498888888
120.03642434666666,30.232490047777777
120.03642142,30.232487596666665
120.03641849333333,30.232485145555554
120.03641556666666,30.232482694444446
120.03641264,30.232480243333335
120.03640971333333,30.232477792222223
120.03640678666666,30.232475341111112
120.03640386,30.23247289
120.03640386,30.23247289
120.03640252333332,30.232472003333335
120.03640118666667,30.232471116666666
120.03639985,30.23247023
120.03639851333332,30.232469343333335
120.03639717666667,30.232468456666666
120.03639584,30.23246757
120.03639450333333,30.232466683333335
120.03639316666667,30.232465796666666
120.03639183,30.23246491
120.03639183,30.23246491
120.03638726,30.232461880000002
120.03638269,30.23245885
120.03637812,30.232455820000002
120.03637355,30.23245279
120.03636898,30.23244976
120.03636441,30.23244673
120.03635984,30.2324437
120.03635527,30.23244067
120.0363507,30.23243764
120.0363507,30.23243764
120.03634613,30.23243460888889
120.03634156,30.232431577777778
120.03633699,30.232428546666668
120.03633242,30.232425515555555
120.03632785,30.232422484444445
120.03632328,30.232419453333332
120.03631871,30.232416422222222
120.03631414,30.23241339111111
120.03630957,30.23241036
120.03630957,30.23241036
120.03630500111112,30.23240733
120.03630043222222,30.2324043
120.03629586333334,30.23240127
120.03629129444444,30.23239824
120.03628672555556,30.23239521
120.03628215666666,30.232392179999998
120.03627758777778,30.23238915
120.03627301888888,30.232386119999997
120.03626845,30.23238309
120.03626845,30.23238309
120.03626416,30.232380245555554
120.03625987,30.23237740111111
120.03625558,30.232374556666667
120.03625129,30.23237171222222
120.036247,30.232368867777776
120.03624271,30.23236602333333
120.03623842,30.23236317888889
120.03623413,30.232360334444444
120.03622984,30.23235749
120.03622984,30.23235749
120.03622443222223,30.232355027777775
120.03621902444445,30.232352565555555
120.03621361666667,30.23235010333333
120.0362082088889,30.23234764111111
120.03620280111112,30.232345178888888
120.03619739333334,30.23234271666667
120.03619198555556,30.232340254444445
120.03618657777778,30.232337792222225
120.03618117,30.23233533
120.03618117,30.23233533
120.03617607444446,30.23233301
120.03617097888889,30.23233069
120.03616588333334,30.23232837
120.03616078777779,30.23232605
120.03615569222222,30.23232373
120.03615059666667,30.23232141
120.03614550111112,30.23231909
120.03614040555556,30.23231677
120.03613531,30.23231445
120.03613531,30.23231445
120.03613021333334,30.23231213
120.03612511666667,30.23230981
120.03612002,30.23230749
120.03611492333333,30.23230517
120.03610982666667,30.23230285
120.03610473,30.23230053
120.03609963333334,30.23229821
120.03609453666667,30.23229589
120.03608944,30.23229357
120.03608944,30.23229357
120.03608434444445,30.23229125
120.03607924888888,30.23228893
120.03607415333333,30.23228661
120.03606905777778,30.23228429
120.03606396222222,30.23228197
120.03605886666666,30.23227965
120.03605377111111,30.23227733
120.03604867555555,30.23227501
120.03604358,30.23227269
120.03604358,30.23227269
120.03603848444445,30.23227037111111
120.03603338888888,30.23226805222222
120.03602829333333,30.232265733333332
120.03602319777778,30.232263414444443
120.03601810222222,30.232261095555554
120.03601300666666,30.232258776666665
120.03600791111111,30.232256457777776
120.03600281555555,30.232254138888887
120.03599772,30.23225182
120.03599772,30.23225182
120.03599262444445,30.232249499999998
120.03598752888888,30.232247179999998
120.03598243333333,30.232244859999998
120.03597733777778,30.232242539999998
120.03597224222221,30.23224022
120.03596714666666,30.2322379
120.03596205111111,30.23223558
120.03595695555555,30.23223326
120.03595186,30.23223094
120.03595186,30.23223094
120.03594676333333,30.23222862
120.03594166666666,30.2322263
120.03593657,30.23222398
120.03593147333333,30.23222166
120.03592637666667,30.23221934
120.03592128,30.23221702
120.03591618333334,30.2322147
120.03591108666667,30.23221238
120.03590599,30.23221006
120.03590599,30.23221006
120.03590089444445,30.23220774
120.03589579888889,30.23220542
120.03589070333334,30.2322031
120.03588560777779,30.23220078
120.03588051222222,30.23219846
120.03587541666667,30.23219614
120.03587032111112,30.23219382
120.03586522555555,30.2321915
120.03586013,30.23218918
120.03586013,30.23218918
120.03585707777778,30.232187789999998
120.03585402555555,30.2321864
120.03585097333334,30.23218501
120.03584792111111,30.23218362
120.03584486888889,30.23218223
120.03584181666666,30.23218084
120.03583876444445,30.23217945
120.03583571222222,30.232178060000003
120.03583266,30.23217667
120.03583266,30.23217667
120.03583049777778,30.23217597
120.03582833555555,30.23217527
120.03582617333333,30.23217457
120.03582401111112,30.23217387
120.03582184888889,30.23217317
120.03581968666667,30.23217247
120.03581752444445,30.23217177
120.03581536222222,30.23217107
120.0358132,30.23217037
120.0358132,30.23217037
120.03580780555556,30.232168622222222
120.03580241111112,30.232166874444445
120.03579701666668,30.232165126666665
120.03579162222223,30.232163378888888
120.03578622777778,30.23216163111111
120.03578083333333,30.232159883333335
120.03577543888889,30.232158135555554
120.03577004444445,30.232156387777778
120.03576465,30.23215464
120.03576465,30.23215464
120.03575925666667,30.232152892222224
120.03575386333334,30.232151144444444
120.03574847,30.232149396666667
120.03574307666666,30.23214764888889
120.03573768333334,30.23214590111111
120.03573229,30.232144153333333
120.03572689666666,30.232142405555557
120.03572150333333,30.232140657777776
120.03571611,30.23213891
120.03571611,30.23213891
120.03571071666666,30.232137163333334
120.03570532333333,30.232135416666665
120.03569992999999,30.23213367
120.03569453666667,30.232131923333334
120.03568914333333,30.232130176666665
120.03568375,30.23212843
120.03567835666666,30.232126683333334
120.03567296333334,30.232124936666665
120.03566757,30.23212319
120.03566757,30.23212319
120.03566217666666,30.232121442222223
120.03565678333334,30.232119694444446
120.03565139,30.232117946666666
120.03564599666667,30.23211619888889
120.03564060333333,30.232114451111112
120.03563521000001,30.232112703333335
120.03562981666667,30.232110955555555
120.03562442333335,30.23210920777778
120.03561903,30.23210746
120.03561903,30.23210746
120.03561363666667,30.232105713333336
120.03560824333334,30.232103966666667
120.03560285,30.23210222
120.03559745666666,30.232100473333336
120.03559206333334,30.232098726666667
120.03558667,30.23209698
120.03558127666666,30.232095233333336
120.03557588333334,30.232093486666667
120.03557049,30.23209174
120.03557049,30.23209174
120.03556509555555,30.232089992222225
120.03555970111111,30.232088244444444
120.03555430666667,30.232086496666668
120.03554891222223,30.23208474888889
120.03554351777777,30.23208300111111
120.03553812333332,30.232081253333334
120.03553272888888,30.232079505555557
120.03552733444444,30.232077757777777
120.03552194,30.23207601
120.03552194,30.23207601
120.03551654666666,30.232074263333335
120.03551115333333,30.232072516666666
120.03550575999999,30.23207077
120.03550036666667,30.232069023333334
120.03549497333333,30.232067276666665
120.03548958,30.23206553
120.03548418666666,30.232063783333334
120.03547879333334,30.232062036666665
120.0354734,30.23206029
120.0354734,30.23206029
120.03546800666666,30.232058542222223
120.03546261333334,30.232056794444443
120.03545722,30.232055046666666
120.03545182666667,30.23205329888889
120.03544643333333,30.23205155111111
120.03544104000001,30.232049803333332
120.03543564666667,30.232048055555556
120.03543025333335,30.232046307777775
120.03542486,30.23204456
120.03542486,30.23204456
120.03541946666667,30.232042813333333
120.03541407333334,30.232041066666667
120.03540868,30.23203932
120.03540328666666,30.232037573333333
120.03539789333334,30.232035826666667
120.0353925,30.232034080000002
120.03538710666666,30.232032333333333
120.03538171333334,30.232030586666667
120.03537632,30.23202884
120.03537632,30.23202884
120.03537092666666,30.232027092222225
120.03536553333333,30.232025344444445
120.03536014,30.232023596666668
120.03535474666667,30.23202184888889
120.03534935333333,30.23202010111111
120.03534396,30.232018353333334
120.03533856666667,30.232016605555557
120.03533317333334,30.232014857777777
120.03532778,30.23201311
120.03532778,30.23201311
120.03532238666666,30.232011362222224
120.03531699333334,30.232009614444443
120.0353116,30.232007866666667
120.03530620666666,30.23200611888889
120.03530081333334,30.23200437111111
120.03529542,30.232002623333333
120.03529002666666,30.232000875555556
120.03528463333333,30.231999127777776
120.03527924,30.23199738
120.03527924,30.23199738
120.03527384666666,30.231995633333334
120.03526845333333,30.231993886666665
120.03526305999999,30.23199214
120.03525766666667,30.231990393333334
120.03525227333333,30.231988646666665
120.03524688,30.2319869
120.03524148666666,30.231985153333333
120.03523609333334,30.231983406666664
120.0352307,30.23198166
120.0352307,30.23198166
120.03522915222223,30.23198115888889
120.03522760444444,30.231980657777775
120.03522605666667,30.231980156666665
120.03522450888889,30.231979655555556
120.03522296111112,30.231979154444442
120.03522141333333,30.231978653333332
120.03521986555556,30.231978152222222
120.03521831777778,30.23197765111111
120.03521677,30.23197715
120.03521677,30.23197715
120.03521298777778,30.231975764444442
120.03520920555556,30.23197437888889
120.03520542333334,30.231972993333333
120.03520164111112,30.231971607777776
120.03519785888889,30.231970222222223
120.03519407666667,30.231968836666667
120.03519029444445,30.23196745111111
120.03518651222223,30.231966065555557
120.03518273,30.23196468
120.03518273,30.23196468
120.03517742777778,30.231962737777778
120.03517212555556,30.231960795555555
120.03516682333334,30.231958853333335
120.03516152111112,30.231956911111112
120.03515621888889,30.23195496888889
120.03515091666667,30.231953026666666
120.03514561444445,30.231951084444447
120.03514031222223,30.231949142222224
120.03513501,30.2319472
120.03513501,30.2319472
120.03512970666667,30.231945257777777
120.03512440333334,30.231943315555554
120.0351191,30.231941373333335
120.03511379666666,30.231939431111112
120.03510849333334,30.23193748888889
120.03510319,30.231935546666666
120.03509788666666,30.231933604444446
120.03509258333334,30.231931662222223
120.03508728,30.23192972
120.03508728,30.23192972
120.03508197666666,30.231927777777777
120.03507667333334,30.231925835555554
120.03507137,30.231923893333335
120.03506606666666,30.23192195111111
120.03506076333333,30.23192000888889
120.03505546,30.231918066666665
120.03505015666666,30.231916124444446
120.03504485333333,30.231914182222223
120.03503955,30.23191224
120.03503955,30.23191224
120.03503424777777,30.231910296666666
120.03502894555555,30.23190835333333
120.03502364333333,30.23190641
120.03501834111111,30.231904466666666
120.03501303888888,30.231902523333332
120.03500773666666,30.231900579999998
120.03500243444444,30.231898636666667
120.03499713222222,30.231896693333333
120.03499183,30.23189475
120.03499183,30.23189475
120.03498608222222,30.231892645555554
120.03498033444444,30.23189054111111
120.03497458666666,30.231888436666665
120.03496883888889,30.23188633222222
120.03496309111111,30.231884227777776
120.03495734333333,30.23188212333333
120.03495159555555,30.231880018888887
120.03494584777778,30.231877914444443
120.0349401,30.23187581
120.0349401,30.23187581
120.03493528666667,30.23187394
120.03493047333333,30.231872069999998
120.03492566,30.2318702
120.03492084666667,30.231868329999998
120.03491603333333,30.23186646
120.03491122,30.231864589999997
120.03490640666666,30.23186272
120.03490159333333,30.231860849999997
120.03489678,30.23185898
120.03489678,30.23185898
120.03489465222222,30.23185815333333
120.03489252444444,30.231857326666667
120.03489039666667,30.2318565
120.03488826888889,30.23185567333333
120.0348861411111,30.231854846666668
120.03488401333333,30.23185402
120.03488188555555,30.231853193333333
120.03487975777777,30.23185236666667
120.03487763,30.23185154
120.03487763,30.23185154
120.0348747,30.231850004444446
120.03487177,30.23184846888889
120.03486884,30.231846933333333
120.03486591,30.23184539777778
120.03486298,30.231843862222224
120.03486004999999,30.23184232666667
120.03485712,30.23184079111111
120.03485418999999,30.231839255555556
120.03485126,30.23183772
120.03485126,30.23183772
120.03484633555556,30.23183514
120.0348414111111,30.23183256
120.03483648666666,30.23182998
120.03483156222222,30.2318274
120.03482663777777,30.23182482
120.03482171333333,30.23182224
120.03481678888889,30.23181966
120.03481186444444,30.23181708
120.03480694,30.2318145
120.03480694,30.2318145
120.03480289777778,30.23181238222222
120.03479885555555,30.231810264444444
120.03479481333333,30.231808146666665
120.0347907711111,30.231806028888887
120.03478672888889,30.23180391111111
120.03478268666666,30.231801793333332
120.03477864444444,30.231799675555553
120.03477460222221,30.231797557777778
120.03477056,30.23179544
120.03477056,30.23179544
120.03476575222223,30.231791292222223
120.03476094444444,30.231787144444443
120.03475613666667,30.231782996666666
120.03475132888889,30.23177884888889
120.03474652111112,30.23177470111111
120.03474171333333,30.231770553333334
120.03473690555556,30.231766405555557
120.03473209777778,30.231762257777778
120.03472729,30.23175811
120.03472729,30.23175811
120.03472321222223,30.231754593333335
120.03471913444444,30.23175107666667
120.03471505666667,30.231747560000002
120.0347109788889,30.231744043333336
120.03470690111111,30.231740526666666
120.03470282333333,30.23173701
120.03469874555556,30.231733493333333
120.03469466777777,30.231729976666667
120.03469059,30.23172646
120.03469059,30.23172646
120.03468651333333,30.231722943333335
120.03468243666666,30.23171942666667
120.03467836,30.231715910000002
120.03467428333333,30.231712393333336
120.03467020666666,30.231708876666666
120.03466612999999,30.23170536
120.03466205333334,30.231701843333333
120.03465797666667,30.231698326666667
120.0346539,30.23169481
120.0346539,30.23169481
120.03465001222222,30.231691456666667
120.03464612444444,30.231688103333333
120.03464223666667,30.23168475
120.03463834888889,30.231681396666666
120.03463446111111,30.231678043333336
120.03463057333333,30.231674690000002
120.03462668555557,30.23167133666667
120.03462279777779,30.231667983333335
120.03461891,30.23166463
120.03461891,30.23166463
120.03461461777778,30.231660972222222
120.03461032555556,30.231657314444444
120.03460603333333,30.231653656666666
120.03460174111112,30.231649998888887
120.03459744888889,30.231646341111112
120.03459315666667,30.231642683333334
120.03458886444444,30.231639025555555
120.03458457222223,30.231635367777777
120.03458028,30.23163171
120.03458028,30.23163171
120.03457617777778,30.23162821444444
120.03457207555556,30.231624718888888
120.03456797333334,30.23162122333333
120.03456387111112,30.231617727777778
120.03455976888888,30.23161423222222
120.03455566666666,30.231610736666667
120.03455156444444,30.23160724111111
120.03454746222222,30.231603745555557
120.03454336,30.23160025
120.03454336,30.23160025
120.03453925777778,30.231596754444443
120.03453515555556,30.23159325888889
120.03453105333334,30.231589763333332
120.03452695111112,30.23158626777778
120.03452284888888,30.23158277222222
120.03451874666666,30.231579276666668
120.03451464444444,30.23157578111111
120.03451054222222,30.231572285555558
120.03450644,30.23156879
120.03450644,30.23156879
120.03450233777778,30.231565295555555
120.03449823555556,30.231561801111113
120.03449413333334,30.231558306666667
120.03449003111112,30.23155481222222
120.03448592888888,30.23155131777778
120.03448182666666,30.231547823333333
120.03447772444444,30.231544328888887
120.03447362222222,30.231540834444445
120.03446952,30.23153734
120.03446952,30.23153734
120.03446541777778,30.231533844444442
120.03446131555556,30.23153034888889
120.03445721333334,30.23152685333333
120.03445311111112,30.231523357777778
120.03444900888888,30.23151986222222
120.03444490666666,30.231516366666668
120.03444080444444,30.23151287111111
120.03443670222222,30.231509375555557
120.0344326,30.23150588
120.0344326,30.23150588
120.03442951444444,30.23150325111111
120.03442642888889,30.23150062222222
120.03442334333333,30.231497993333335
120.03442025777778,30.231495364444445
120.03441717222222,30.231492735555555
120.03441408666667,30.231490106666666
120.03441100111111,30.23148747777778
120.03440791555556,30.23148484888889
120.03440483,30.23148222
120.03440483,30.23148222
120.03439992555556,30.23147767777778
120.03439502111111,30.231473135555557
120.03439011666667,30.231468593333332
120.03438521222222,30.23146405111111
120.03438030777778,30.23145950888889
120.03437540333333,30.231454966666668
120.03437049888889,30.231450424444443
120.03436559444444,30.23144588222222
120.03436069,30.23144134
120.03436069,30.23144134
120.03435676,30.2314377
120.03435283,30.23143406
120.0343489,30.23143042
120.03434496999999,30.23142678
120.03434104,30.23142314
120.03433711,30.2314195
120.03433317999999,30.23141586
120.03432925,30.23141222
120.03432532,30.23140858
120.03432532,30.23140858
120.03432138999999,30.23140494
120.03431746,30.2314013
120.03431352999999,30.23139766
120.0343096,30.23139402
120.03430567,30.23139038
120.03430174,30.23138674
120.03429781,30.2313831
120.03429388,30.23137946
120.03428995,30.23137582
120.03428995,30.23137582
120.03428601888889,30.23137218
120.03428208777778,30.231368540000002
120.03427815666667,30.2313649
120.03427422555556,30.23136126
120.03427029444444,30.23135762
120.03426636333333,30.23135398
120.03426243222222,30.23135034
120.03425850111111,30.2313467
120.03425457,30.23134306
120.03425457,30.23134306
120.03425064,30.23133942
120.03424671,30.231335780000002
120.03424278,30.23133214
120.03423885,30.2313285
120.03423492,30.23132486
120.03423099,30.23132122
120.03422705999999,30.23131758
120.03422313,30.23131394
120.0342192,30.2313103
120.0342192,30.2313103
120.03421526999999,30.23130666
120.03421134,30.231303020000002
120.03420741,30.23129938
120.03420348,30.23129574
120.03419955,30.2312921
120.03419562,30.231288460000002
120.03419169,30.23128482
120.03418776000001,30.23128118
120.03418383,30.23127754
120.03418383,30.23127754
120.0341799,30.2312739
120.03417597,30.231270260000002
120.03417204,30.23126662
120.03416811,30.23126298
120.03416418,30.23125934
120.03416025,30.231255700000002
120.03415632,30.23125206
120.03415239,30.23124842
120.03414846,30.23124478
120.03414846,30.23124478
120.03414452888889,30.23124114
120.03414059777778,30.231237500000002
120.03413666666667,30.23123386
120.03413273555556,30.23123022
120.03412880444444,30.23122658
120.03412487333333,30.231222940000002
120.03412094222222,30.2312193
120.0341170111111,30.23121566
120.03411308,30.23121202
120.03411308,30.23121202
120.0341108111111,30.23120991777778
120.03410854222221,30.231207815555557
120.03410627333334,30.231205713333335
120.03410400444444,30.231203611111113
120.03410173555555,30.231201508888887
120.03409946666666,30.231199406666665
120.03409719777778,30.231197304444443
120.03409492888889,30.23119520222222
120.03409266,30.2311931
120.03409266,30.2311931
120.03409111111111,30.231191476666666
120.03408956222222,30.231189853333333
120.03408801333333,30.23118823
120.03408646444444,30.231186606666668
120.03408491555555,30.231184983333332
120.03408336666666,30.23118336
120.03408181777777,30.231181736666667
120.03408026888889,30.231180113333334
120.03407872,30.23117849
120.03407872,30.23117849
120.03407505333332,30.23117464888889
120.03407138666667,30.23117080777778
120.03406772,30.231166966666667
120.03406405333332,30.231163125555558
120.03406038666667,30.231159284444445
120.03405672,30.231155443333336
120.03405305333332,30.231151602222223
120.03404938666667,30.231147761111114
120.03404572,30.23114392
120.03404572,30.23114392
120.03404205444444,30.231140077777777
120.03403838888889,30.231136235555557
120.03403472333333,30.231132393333333
120.03403105777778,30.231128551111112
120.03402739222221,30.23112470888889
120.03402372666666,30.231120866666668
120.03402006111111,30.231117024444444
120.03401639555555,30.231113182222224
120.03401273,30.23110934
120.03401273,30.23110934
120.03401071111111,30.231107225555554
120.03400869222222,30.23110511111111
120.03400667333334,30.231102996666667
120.03400465444444,30.231100882222222
120.03400263555555,30.231098767777777
120.03400061666666,30.23109665333333
120.03399859777778,30.23109453888889
120.03399657888889,30.231092424444444
120.03399456,30.23109031
120.03399456,30.23109031
120.03399269777778,30.231088756666665
120.03399083555556,30.23108720333333
120.03398897333334,30.23108565
120.03398711111112,30.231084096666667
120.03398524888888,30.231082543333333
120.03398338666666,30.23108099
120.03398152444444,30.23107943666667
120.03397966222222,30.231077883333334
120.0339778,30.23107633
120.0339778,30.23107633
120.03397365555556,30.231072872222224
120.03396951111111,30.231069414444445
120.03396536666666,30.23106595666667
120.03396122222222,30.23106249888889
120.03395707777779,30.231059041111113
120.03395293333334,30.231055583333333
120.03394878888889,30.231052125555557
120.03394464444445,30.231048667777777
120.0339405,30.23104521
120.0339405,30.23104521
120.03393635555555,30.231041753333333
120.03393221111111,30.231038296666668
120.03392806666666,30.23103484
120.03392392222221,30.231031383333335
120.03391977777778,30.231027926666666
120.03391563333334,30.23102447
120.03391148888889,30.231021013333333
120.03390734444444,30.231017556666668
120.0339032,30.2310141
120.0339032,30.2310141
120.03389905555555,30.231010642222223
120.0338949111111,30.231007184444444
120.03389076666666,30.231003726666668
120.03388662222221,30.231000268888888
120.03388247777778,30.230996811111112
120.03387833333333,30.230993353333332
120.03387418888889,30.230989895555556
120.03387004444444,30.230986437777776
120.0338659,30.23098298
120.0338659,30.23098298
120.03386175555555,30.230979523333332
120.0338576111111,30.230976066666667
120.03385346666667,30.23097261
120.03384932222222,30.230969153333334
120.03384517777778,30.230965696666665
120.03384103333333,30.23096224
120.0338368888889,30.23095878333333
120.03383274444445,30.230955326666667
120.0338286,30.23095187
120.0338286,30.23095187
120.03382445555556,30.230948412222222
120.03382031111111,30.230944954444443
120.03381616666667,30.230941496666667
120.03381202222222,30.230938038888887
120.03380787777779,30.23093458111111
120.03380373333334,30.23093112333333
120.0337995888889,30.230927665555555
120.03379544444445,30.230924207777775
120.0337913,30.23092075
120.0337913,30.23092075
120.0337901,30.230919748888887
120.0337889,30.23091874777778
120.0337877,30.230917746666666
120.0337865,30.230916745555554
120.0337853,30.230915744444445
120.0337841,30.230914743333333
120.0337829,30.23091374222222
120.0337817,30.230912741111112
120.0337805,30.23091174
120.0337805,30.23091174
120.03377755666668,30.23090928222222
120.03377461333334,30.230906824444443
120.03377167000001,30.230904366666667
120.03376872666666,30.23090190888889
120.03376578333334,30.23089945111111
120.03376284,30.23089699333333
120.03375989666667,30.230894535555557
120.03375695333332,30.230892077777778
120.03375401,30.23088962
120.03375401,30.23088962
120.03374986666667,30.230886161111112
120.03374572333333,30.23088270222222
120.03374158,30.230879243333334
120.03373743666667,30.230875784444443
120.03373329333333,30.230872325555556
120.03372915,30.230868866666665
120.03372500666667,30.230865407777777
120.03372086333333,30.230861948888887
120.03371672,30.23085849
120.03371672,30.23085849
120.03371257777778,30.230855031111112
120.03370843555555,30.23085157222222
120.03370429333333,30.230848113333334
120.0337001511111,30.230844654444443
120.0336960088889,30.230841195555556
120.03369186666667,30.230837736666665
120.03368772444445,30.230834277777777
120.03368358222222,30.230830818888887
120.03367944,30.23082736
120.03367944,30.23082736
120.03367529777778,30.230823901111112
120.03367115555555,30.23082044222222
120.03366701333333,30.230816983333334
120.0336628711111,30.230813524444443
120.0336587288889,30.230810065555556
120.03365458666667,30.230806606666665
120.03365044444445,30.230803147777777
120.03364630222222,30.230799688888887
120.03364216,30.23079623
120.03364216,30.23079623
120.03363801666667,30.230792771111112
120.03363387333333,30.23078931222222
120.03362973,30.230785853333334
120.03362558666667,30.230782394444443
120.03362144333333,30.230778935555556
120.0336173,30.230775476666665
120.03361315666668,30.230772017777777
120.03360901333333,30.230768558888887
120.03360487,30.2307651
120.03360487,30.2307651
120.03360072777778,30.230761641111112
120.03359658555556,30.23075818222222
120.03359244333333,30.230754723333334
120.03358830111111,30.230751264444443
120.0335841588889,30.230747805555556
120.03358001666668,30.230744346666665
120.03357587444445,30.230740887777777
120.03357173222223,30.230737428888887
120.03356759,30.23073397
120.03356759,30.23073397
120.03356344777778,30.230730511111112
120.03355930555556,30.23072705222222
120.03355516333333,30.230723593333334
120.03355102111111,30.230720134444443
120.0335468788889,30.230716675555556
120.03354273666667,30.230713216666665
120.03353859444445,30.230709757777777
120.03353445222223,30.230706298888887
120.03353031,30.23070284
120.03353031,30.23070284
120.03352616777778,30.230699381111112
120.03352202555556,30.23069592222222
120.03351788333333,30.230692463333334
120.03351374111111,30.230689004444443
120.0335095988889,30.230685545555556
120.03350545666667,30.230682086666665
120.03350131444445,30.230678627777777
120.03349717222223,30.230675168888887
120.03349303,30.23067171
120.03349303,30.23067171
120.03348888666667,30.230668251111112
120.03348474333333,30.23066479222222
120.0334806,30.230661333333334
120.03347645666666,30.230657874444443
120.03347231333333,30.230654415555556
120.03346816999999,30.230650956666665
120.03346402666666,30.230647497777777
120.03345988333332,30.230644038888887
120.03345574,30.23064058
120.03345574,30.23064058
120.03345168777777,30.230637195555556
120.03344763555555,30.23063381111111
120.03344358333332,30.230630426666668
120.0334395311111,30.230627042222224
120.03343547888889,30.230623657777777
120.03343142666667,30.230620273333333
120.03342737444444,30.23061688888889
120.03342332222222,30.230613504444445
120.03341927,30.23061012
120.03341927,30.23061012
120.03341509333333,30.230606536666667
120.03341091666667,30.230602953333335
120.03340674,30.23059937
120.03340256333334,30.23059578666667
120.03339838666666,30.230592203333334
120.03339421,30.230588620000002
120.03339003333333,30.230585036666668
120.03338585666667,30.230581453333336
120.03338168,30.23057787
120.03338168,30.23057787
120.03337759111112,30.230574363333336
120.03337350222223,30.230570856666667
120.03336941333333,30.23056735
120.03336532444445,30.230563843333336
120.03336123555556,30.230560336666667
120.03335714666667,30.23055683
120.03335305777777,30.230553323333336
120.03334896888889,30.230549816666667
120.03334488,30.23054631
120.03334488,30.23054631
120.03334079222222,30.230542803333336
120.03333670444445,30.230539296666667
120.03333261666667,30.23053579
120.03332852888889,30.230532283333336
120.03332444111112,30.230528776666667
120.03332035333334,30.23052527
120.03331626555556,30.230521763333336
120.03331217777779,30.230518256666667
120.03330809,30.23051475
120.03330809,30.23051475
120.03330400222222,30.230511242222224
120.03329991444444,30.230507734444444
120.03329582666667,30.230504226666667
120.03329173888889,30.23050071888889
120.03328765111111,30.23049721111111
120.03328356333333,30.230493703333334
120.03327947555556,30.230490195555557
120.03327538777778,30.230486687777777
120.0332713,30.23048318
120.0332713,30.23048318
120.03326721222221,30.230479673333335
120.03326312444445,30.230476166666666
120.03325903666666,30.23047266
120.03325494888888,30.230469153333335
120.03325086111111,30.230465646666666
120.03324677333333,30.23046214
120.03324268555555,30.230458633333335
120.03323859777778,30.230455126666666
120.03323451,30.23045162
120.03323451,30.23045162
120.03323042111111,30.230448112222224
120.03322633222223,30.230444604444443
120.03322224333333,30.230441096666667
120.03321815444444,30.23043758888889
120.03321406555555,30.23043408111111
120.03320997666667,30.230430573333333
120.03320588777777,30.230427065555556
120.03320179888888,30.230423557777776
120.03319771,30.23042005
120.03319771,30.23042005
120.03319458,30.230417365555557
120.03319145,30.23041468111111
120.03318832,30.230411996666668
120.03318519,30.23040931222222
120.03318206,30.23040662777778
120.03317893,30.230403943333332
120.0331758,30.23040125888889
120.03317267,30.230398574444443
120.03316954,30.23039589
120.03316954,30.23039589
120.0331644711111,30.23039158111111
120.03315940222222,30.230387272222224
120.03315433333333,30.230382963333334
120.03314926444445,30.230378654444443
120.03314419555555,30.230374345555557
120.03313912666667,30.230370036666667
120.03313405777777,30.230365727777777
120.03312898888889,30.23036141888889
120.03312392,30.23035711
120.03312392,30.23035711
120.03311981333333,30.230353618888888
120.03311570666666,30.23035012777778
120.0331116,30.230346636666667
120.03310749333333,30.230343145555555
120.03310338666667,30.230339654444446
120.03309928,30.230336163333334
120.03309517333334,30.23033267222222
120.03309106666667,30.230329181111113
120.03308696,30.23032569
120.03308696,30.23032569
120.03308285333334,30.2303222
120.03307874666667,30.23031871
120.03307464000001,30.23031522
120.03307053333334,30.23031173
120.03306642666666,30.23030824
120.03306232,30.23030475
120.03305821333333,30.23030126
120.03305410666667,30.23029777
120.03305,30.23029428
120.03305,30.23029428
120.03304589333334,30.230290788888887
120.03304178666667,30.230287297777778
120.03303768,30.230283806666666
120.03303357333334,30.230280315555554
120.03302946666666,30.230276824444445
120.03302536,30.230273333333333
120.03302125333333,30.23026984222222
120.03301714666667,30.230266351111112
120.03301304,30.23026286
120.03301304,30.23026286
120.03300893333333,30.230259368888888
120.03300482666667,30.23025587777778
120.03300072,30.230252386666667
120.03299661333334,30.230248895555555
120.03299250666666,30.230245404444446
120.0329884,30.230241913333334
120.03298429333333,30.23023842222222
120.03298018666666,30.230234931111113
120.03297608,30.23023144
120.03297608,30.23023144
120.03297197333333,30.23022795
120.03296786666667,30.23022446
120.03296376,30.23022097
120.03295965333334,30.23021748
120.03295554666666,30.23021399
120.03295143999999,30.2302105
120.03294733333333,30.23020701
120.03294322666666,30.23020352
120.03293912,30.23020003
120.03293912,30.23020003
120.03293501222221,30.230196538888887
120.03293090444444,30.230193047777778
120.03292679666666,30.230189556666666
120.03292268888889,30.230186065555554
120.0329185811111,30.230182574444445
120.03291447333334,30.230179083333333
120.03291036555555,30.23017559222222
120.03290625777778,30.230172101111112
120.03290215,30.23016861
120.03290215,30.23016861
120.03289804333333,30.23016512
120.03289393666667,30.23016163
120.03288983,30.23015814
120.03288572333334,30.23015465
120.03288161666666,30.230151160000002
120.03287750999999,30.23014767
120.03287340333333,30.23014418
120.03286929666666,30.230140690000002
120.03286519,30.2301372
120.03286519,30.2301372
120.03286108333333,30.23013370888889
120.03285697666666,30.230130217777777
120.03285287,30.23012672666667
120.03284876333333,30.230123235555556
120.03284465666667,30.230119744444444
120.03284055,30.230116253333332
120.03283644333334,30.230112762222223
120.03283233666667,30.23010927111111
120.03282823,30.23010578
120.03282823,30.23010578
120.03282412333334,30.230102289999998
120.03282001666668,30.2300988
120.03281591000001,30.23009531
120.03281180333335,30.23009182
120.03280769666667,30.23008833
120.03280359,30.23008484
120.03279948333333,30.23008135
120.03279537666667,30.23007786
120.03279127,30.23007437
120.03279127,30.23007437
120.03278920333334,30.230072613333334
120.03278713666667,30.230070856666668
120.03278507,30.2300691
120.03278300333334,30.230067343333335
120.03278093666667,30.230065586666665
120.03277887,30.23006383
120.03277680333333,30.230062073333333
120.03277473666667,30.230060316666666
120.03277267,30.23005856
120.03277267,30.23005856
120.03277057777778,30.230056873333332
120.03276848555555,30.230055186666668
120.03276639333333,30.2300535
120.03276430111111,30.230051813333333
120.03276220888888,30.23005012666667
120.03276011666667,30.23004844
120.03275802444445,30.230046753333333
120.03275593222222,30.23004506666667
120.03275384,30.23004338
120.03275384,30.23004338
120.03274962777778,30.230039984444446
120.03274541555555,30.23003658888889
120.03274120333333,30.230033193333334
120.03273699111111,30.230029797777778
120.03273277888889,30.230026402222222
120.03272856666666,30.230023006666666
120.03272435444444,30.23001961111111
120.03272014222222,30.230016215555555
120.03271593,30.23001282
120.03271593,30.23001282
120.03271171777777,30.230009424444443
120.03270750555555,30.230006028888887
120.03270329333333,30.23000263333333
120.0326990811111,30.229999237777776
120.0326948688889,30.229995842222223
120.03269065666667,30.229992446666667
120.03268644444445,30.22998905111111
120.03268223222223,30.229985655555556
120.03267802,30.22998226
120.03267802,30.22998226
120.03267380888889,30.229978864444444
120.03266959777778,30.229975468888888
120.03266538666666,30.229972073333332
120.03266117555556,30.229968677777777
120.03265696444444,30.229965282222224
120.03265275333334,30.22996188666667
120.03264854222222,30.229958491111113
120.03264433111111,30.229955095555557
120.03264012,30.2299517
120.03264012,30.2299517
120.03263590777777,30.229948304444445
120.03263169555555,30.22994490888889
120.03262748333333,30.229941513333333
120.0326232711111,30.229938117777778
120.03261905888888,30.22993472222222
120.03261484666666,30.229931326666666
120.03261063444444,30.22992793111111
120.03260642222222,30.229924535555554
120.03260221,30.22992114
120.03260221,30.22992114
120.03260033999999,30.22991963333333
120.03259847,30.229918126666664
120.03259659999999,30.229916619999997
120.03259473,30.22991511333333
120.03259286,30.229913606666667
120.03259099,30.2299121
120.03258912,30.229910593333333
120.03258725,30.229909086666666
120.03258538,30.22990758
120.03258538,30.22990758
120.03258314777777,30.229905594444443
120.03258091555556,30.229903608888886
120.03257868333333,30.229901623333333
120.03257645111111,30.229899637777777
120.03257421888888,30.22989765222222
120.03257198666667,30.229895666666664
120.03256975444444,30.22989368111111
120.03256752222222,30.229891695555555
120.03256529,30.22988971
120.03256529,30.22988971
120.03256405444444,30.22988861111111
120.03256281888888,30.22988751222222
120.03256158333333,30.229886413333332
120.03256034777777,30.229885314444445
120.03255911222222,30.229884215555554
120.03255787666666,30.229883116666667
120.03255664111111,30.22988201777778
120.03255540555556,30.229880918888888
120.03255417,30.22987982
120.03255417,30.22987982
120.03255119777778,30.22987630888889
120.03254822555556,30.22987279777778
120.03254525333332,30.229869286666666
120.0325422811111,30.229865775555556
120.03253930888889,30.229862264444446
120.03253633666667,30.229858753333335
120.03253336444443,30.22985524222222
120.03253039222221,30.22985173111111
120.03252742,30.22984822
120.03252742,30.22984822
120.03252593666666,30.229844732222222
120.03252445333332,30.229841244444444
120.03252297,30.22983775666667
120.03252148666667,30.22983426888889
120.03252000333333,30.22983078111111
120.03251852,30.229827293333333
120.03251703666668,30.229823805555558
120.03251555333334,30.22982031777778
120.03251407,30.22981683
120.03251407,30.22981683
120.03251357666667,30.229813356666668
120.03251308333334,30.229809883333335
120.03251259000001,30.229806410000002
120.03251209666668,30.22980293666667
120.03251160333333,30.229799463333332
120.03251111,30.22979599
120.03251061666667,30.229792516666667
120.03251012333334,30.229789043333334
120.03250963,30.22978557
120.03250963,30.22978557
120.0325093688889,30.22978373
120.03250910777778,30.22978189
120.03250884666667,30.22978005
120.03250858555556,30.22977821
120.03250832444445,30.22977637
120.03250806333334,30.22977453
120.03250780222223,30.229772689999997
120.03250754111112,30.229770849999998
120.03250728,30.22976901
120.03250728,30.22976901
120.03250704888889,30.229767375555554
120.03250681777779,30.22976574111111
120.03250658666667,30.229764106666664
120.03250635555555,30.22976247222222
120.03250612444445,30.22976083777778
120.03250589333334,30.229759203333334
120.03250566222222,30.22975756888889
120.03250543111112,30.229755934444444
120.0325052,30.2297543
120.0325052,30.2297543
120.03250528555556,30.229750957777778
120.03250537111111,30.229747615555556
120.03250545666667,30.229744273333335
120.03250554222222,30.229740931111113
120.03250562777778,30.229737588888888
120.03250571333334,30.229734246666666
120.03250579888889,30.229730904444445
120.03250588444445,30.229727562222223
120.03250597,30.22972422
120.03250597,30.22972422
120.03250609888889,30.229719231111112
120.03250622777777,30.229714242222222
120.03250635666667,30.229709253333333
120.03250648555556,30.229704264444443
120.03250661444444,30.229699275555557
120.03250674333333,30.229694286666668
120.03250687222223,30.229689297777778
120.03250700111111,30.22968430888889
120.03250713,30.22967932
120.03250713,30.22967932
120.03250725888888,30.229674329999998
120.03250738777777,30.229669339999997
120.03250751666667,30.22966435
120.03250764555555,30.22965936
120.03250777444444,30.22965437
120.03250790333333,30.229649379999998
120.03250803222222,30.22964439
120.03250816111111,30.2296394
120.03250829,30.22963441
120.03250829,30.22963441
120.03250841777778,30.22962942111111
120.03250854555556,30.22962443222222
120.03250867333333,30.229619443333334
120.0325088011111,30.229614454444445
120.03250892888889,30.229609465555555
120.03250905666667,30.229604476666665
120.03250918444444,30.22959948777778
120.03250931222222,30.22959449888889
120.03250944,30.22958951
120.03250944,30.22958951
120.03250948222222,30.22958789777778
120.03250952444445,30.229586285555555
120.03250956666666,30.229584673333335
120.03250960888889,30.22958306111111
120.03250965111111,30.22958144888889
120.03250969333334,30.229579836666666
120.03250973555555,30.229578224444445
120.03250977777778,30.22957661222222
120.03250982,30.229575
120.03250982,30.229575
120.03250984888889,30.229540773333333
120.03250987777778,30.229506546666666
120.03250990666666,30.22947232
120.03250993555555,30.229438093333332
120.03250996444444,30.22940386666667
120.03250999333333,30.22936964
120.03251002222221,30.229335413333335
120.0325100511111,30.229301186666667
120.03251008,30.22926696
120.03251008,30.22926696
120.03251017555554,30.229262876666667
120.03251027111111,30.229258793333333
120.03251036666666,30.22925471
120.03251046222222,30.229250626666666
120.03251055777777,30.229246543333335
120.03251065333333,30.229242460000002
120.03251074888888,30.229238376666668
120.03251084444445,30.229234293333334
120.03251094,30.22923021
120.03251094,30.22923021
120.03251105666666,30.22922522111111
120.03251117333333,30.22922023222222
120.03251129,30.229215243333332
120.03251140666667,30.229210254444443
120.03251152333333,30.229205265555557
120.03251164,30.229200276666667
120.03251175666666,30.229195287777777
120.03251187333333,30.229190298888888
120.03251199,30.22918531
120.03251199,30.22918531
120.03251210555555,30.229180319999998
120.03251222111112,30.229175329999997
120.03251233666667,30.22917034
120.03251245222222,30.22916535
120.03251256777779,30.229160359999998
120.03251268333334,30.229155369999997
120.03251279888889,30.22915038
120.03251291444445,30.22914539
120.03251303,30.2291404
120.03251303,30.2291404
120.03251314666667,30.229135409999998
120.03251326333334,30.229130419999997
120.03251338,30.22912543
120.03251349666667,30.22912044
120.03251361333334,30.22911545
120.03251373,30.229110459999998
120.03251384666666,30.22910547
120.03251396333333,30.22910048
120.03251408,30.22909549
120.03251408,30.22909549
120.03251415111112,30.229092453333333
120.03251422222222,30.229089416666667
120.03251429333334,30.22908638
120.03251436444444,30.229083343333333
120.03251443555556,30.229080306666667
120.03251450666666,30.22907727
120.03251457777777,30.229074233333332
120.03251464888888,30.229071196666666
120.03251472,30.22906816
120.03251472,30.22906816
120.03251474333332,30.229040431111112
120.03251476666667,30.229012702222224
120.03251479,30.228984973333333
120.03251481333334,30.228957244444445
120.03251483666666,30.228929515555556
120.03251486,30.22890178666667
120.03251488333333,30.228874057777777
120.03251490666668,30.22884632888889
120.03251493,30.2288186
120.03251493,30.2288186
120.03251498222222,30.228814434444445
120.03251503444444,30.22881026888889
120.03251508666666,30.228806103333334
120.03251513888888,30.228801937777778
120.03251519111112,30.228797772222222
120.03251524333334,30.228793606666667
120.03251529555556,30.22878944111111
120.03251534777777,30.228785275555556
120.0325154,30.22878111
120.0325154,30.22878111
120.03251546333333,30.22877612
120.03251552666666,30.22877113
120.03251559,30.22876614
120.03251565333333,30.22876115
120.03251571666667,30.22875616
120.03251578,30.22875117
120.03251584333334,30.22874618
120.03251590666667,30.22874119
120.03251597,30.2287362
120.03251597,30.2287362
120.03251603333334,30.22873121
120.03251609666667,30.22872622
120.03251616,30.22872123
120.03251622333333,30.22871624
120.03251628666668,30.22871125
120.03251635000001,30.22870626
120.03251641333334,30.228701270000002
120.03251647666667,30.22869628
120.03251654,30.22869129
120.03251654,30.22869129
120.03251660333333,30.22868629888889
120.03251666666667,30.228681307777777
120.03251673,30.228676316666668
120.03251679333333,30.228671325555556
120.03251685666667,30.228666334444444
120.03251692,30.228661343333332
120.03251698333334,30.228656352222224
120.03251704666667,30.228651361111112
120.03251711,30.22864637
120.03251711,30.22864637
120.03251717333333,30.22864138
120.03251723666666,30.22863639
120.0325173,30.2286314
120.03251736333333,30.22862641
120.03251742666667,30.22862142
120.03251749,30.22861643
120.03251755333334,30.22861144
120.03251761666667,30.22860645
120.03251768,30.22860146
120.03251768,30.22860146
120.03251774222223,30.22859647
120.03251780444444,30.22859148
120.03251786666667,30.22858649
120.0325179288889,30.2285815
120.0325179911111,30.22857651
120.03251805333333,30.22857152
120.03251811555556,30.228566530000002
120.03251817777777,30.22856154
120.03251824,30.22855655
120.03251824,30.22855655
120.03251830333333,30.22855156
120.03251836666666,30.22854657
120.03251843,30.22854158
120.03251849333333,30.22853659
120.03251855666667,30.2285316
120.03251862,30.22852661
120.03251868333334,30.228521620000002
120.03251874666667,30.22851663
120.03251881,30.22851164
120.03251881,30.22851164
120.03251887333333,30.22850665
120.03251893666666,30.22850166
120.032519,30.228496670000002
120.03251906333332,30.22849168
120.03251912666667,30.22848669
120.03251919,30.2284817
120.03251925333333,30.228476710000002
120.03251931666667,30.22847172
120.03251938,30.22846673
120.03251938,30.22846673
120.03251941666666,30.228463806666667
120.03251945333334,30.228460883333334
120.03251949,30.22845796
120.03251952666666,30.228455036666666
120.03251956333334,30.228452113333333
120.0325196,30.22844919
120.03251963666666,30.228446266666666
120.03251967333334,30.228443343333332
120.03251971,30.22844042
120.03251971,30.22844042
120.03251971666667,30.228432187777777
120.03251972333334,30.228423955555556
120.03251973,30.22841572333333
120.03251973666667,30.22840749111111
120.03251974333332,30.22839925888889
120.03251974999999,30.228391026666667
120.03251975666666,30.228382794444443
120.03251976333333,30.22837456222222
120.03251977,30.22836633
120.03251977,30.22836633
120.03252026999999,30.22836243888889
120.03252076999999,30.228358547777777
120.03252126999999,30.228354656666667
120.03252176999999,30.228350765555557
120.03252227,30.228346874444444
120.03252277,30.228342983333334
120.03252327,30.228339092222225
120.03252377,30.22833520111111
120.03252427,30.22833131
120.03252427,30.22833131
120.03252377666666,30.22832826888889
120.03252328333333,30.22832522777778
120.03252279,30.228322186666666
120.03252229666667,30.228319145555556
120.03252180333332,30.228316104444446
120.03252130999999,30.228313063333335
120.03252081666666,30.22831002222222
120.03252032333333,30.22830698111111
120.03251983,30.22830394
120.03251983,30.22830394
120.03251784888889,30.22830131111111
120.03251586777778,30.22829868222222
120.03251388666666,30.228296053333334
120.03251190555555,30.228293424444445
120.03250992444444,30.228290795555555
120.03250794333333,30.228288166666665
120.03250596222222,30.22828553777778
120.0325039811111,30.22828290888889
120.032502,30.22828028
120.032502,30.22828028
120.03250150444444,30.228279838888888
120.03250100888889,30.228279397777776
120.03250051333333,30.228278956666667
120.03250001777778,30.228278515555555
120.03249952222221,30.228278074444443
120.03249902666666,30.22827763333333
120.0324985311111,30.228277192222222
120.03249803555555,30.22827675111111
120.03249754,30.22827631
120.03249754,30.22827631
120.03249406888888,30.22827582444444
120.03249059777777,30.22827533888889
120.03248712666667,30.228274853333332
120.03248365555555,30.228274367777775
120.03248018444444,30.228273882222222
120.03247671333332,30.228273396666665
120.03247324222222,30.22827291111111
120.03246977111111,30.228272425555556
120.0324663,30.22827194
120.0324663,30.22827194
120.03246233555555,30.22827058111111
120.0324583711111,30.22826922222222
120.03245440666666,30.228267863333333
120.03245044222221,30.228266504444445
120.03244647777778,30.228265145555554
120.03244251333334,30.228263786666666
120.03243854888889,30.22826242777778
120.03243458444445,30.228261068888887
120.03243062,30.22825971
120.03243062,30.22825971
120.03242918666666,30.228259326666667
120.03242775333334,30.228258943333334
120.03242632,30.22825856
120.03242488666666,30.228258176666667
120.03242345333334,30.22825779333333
120.03242202,30.228257409999998
120.03242058666666,30.228257026666665
120.03241915333334,30.22825664333333
120.03241772,30.22825626
120.03241772,30.22825626
120.03241221777778,30.228254787777775
120.03240671555555,30.228253315555556
120.03240121333333,30.228251843333332
120.0323957111111,30.22825037111111
120.03239020888888,30.22824889888889
120.03238470666666,30.228247426666666
120.03237920444444,30.228245954444443
120.03237370222222,30.228244482222223
120.0323682,30.22824301
120.0323682,30.22824301
120.03236269888889,30.228241537777777
120.03235719777777,30.228240065555557
120.03235169666667,30.228238593333334
120.03234619555555,30.22823712111111
120.03234069444444,30.22823564888889
120.03233519333332,30.228234176666668
120.03232969222222,30.228232704444444
120.0323241911111,30.228231232222225
120.03231869,30.22822976
120.03231869,30.22822976
120.03231318777777,30.228228287777778
120.03230768555555,30.228226815555555
120.03230218333333,30.228225343333335
120.0322966811111,30.228223871111112
120.0322911788889,30.22822239888889
120.03228567666667,30.228220926666665
120.03228017444445,30.228219454444446
120.03227467222223,30.228217982222223
120.03226917,30.22821651
120.03226917,30.22821651
120.03226480222223,30.22821534111111
120.03226043444445,30.22821417222222
120.03225606666668,30.228213003333334
120.0322516988889,30.228211834444444
120.03224733111111,30.228210665555554
120.03224296333333,30.228209496666665
120.03223859555555,30.22820832777778
120.03223422777778,30.22820715888889
120.03222986,30.22820599
120.03222986,30.22820599
120.03222874444444,30.228205638888888
120.03222762888889,30.228205287777776
120.03222651333333,30.228204936666668
120.03222539777778,30.228204585555556
120.03222428222222,30.228204234444444
120.03222316666667,30.228203883333332
120.0322220511111,30.228203532222224
120.03222093555556,30.228203181111112
120.03221982,30.22820283
120.03221982,30.22820283
120.03221440888889,30.22820112666667
120.03220899777777,30.228199423333333
120.03220358666667,30.22819772
120.03219817555555,30.22819601666667
120.03219276444445,30.228194313333333
120.03218735333333,30.22819261
120.03218194222222,30.22819090666667
120.0321765311111,30.228189203333333
120.03217112,30.2281875
120.03217112,30.2281875
120.03216570888888,30.22818579666667
120.03216029777778,30.228184093333333
120.03215488666666,30.22818239
120.03214947555556,30.22818068666667
120.03214406444444,30.228178983333333
120.03213865333333,30.22817728
120.03213324222222,30.22817557666667
120.03212783111111,30.228173873333333
120.03212242,30.22817217
120.03212242,30.22817217
120.03211700888889,30.22817046666667
120.03211159777777,30.228168763333333
120.03210618666667,30.22816706
120.03210077555555,30.22816535666667
120.03209536444444,30.228163653333333
120.03208995333333,30.22816195
120.03208454222222,30.22816024666667
120.0320791311111,30.228158543333333
120.03207372,30.22815684
120.03207372,30.22815684
120.03206877222222,30.22815429222222
120.03206382444445,30.228151744444446
120.03205887666667,30.228149196666667
120.03205392888889,30.228146648888888
120.03204898111112,30.228144101111113
120.03204403333334,30.228141553333334
120.03203908555555,30.228139005555555
120.03203413777779,30.22813645777778
120.03202919,30.22813391
120.03202919,30.22813391
120.03202424222222,30.228131363333333
120.03201929444445,30.22812881666667
120.03201434666667,30.22812627
120.03200939888889,30.228123723333333
120.03200445111112,30.22812117666667
120.03199950333334,30.22811863
120.03199455555556,30.228116083333333
120.03198960777779,30.22811353666667
120.03198466,30.22811099
120.03198466,30.22811099
120.03197971333334,30.228108443333333
120.03197476666668,30.228105896666666
120.03196982,30.22810335
120.03196487333334,30.228100803333334
120.03195992666667,30.228098256666666
120.03195498000001,30.228095709999998
120.03195003333333,30.228093163333334
120.03194508666667,30.228090616666666
120.03194014,30.22808807
120.03194014,30.22808807
120.03193519222222,30.22808552333333
120.03193024444445,30.228082976666666
120.03192529666667,30.22808043
120.03192034888889,30.22807788333333
120.03191540111112,30.228075336666667
120.03191045333334,30.22807279
120.03190550555556,30.22807024333333
120.03190055777779,30.228067696666667
120.03189561,30.22806515
120.03189561,30.22806515
120.03189066333334,30.22806260333333
120.03188571666668,30.228060056666667
120.03188077,30.22805751
120.03187582333334,30.22805496333333
120.03187087666667,30.228052416666667
120.03186593000001,30.22804987
120.03186098333333,30.22804732333333
120.03185603666667,30.228044776666668
120.03185109,30.22804223
120.03185109,30.22804223
120.03184807444445,30.228040677777777
120.03184505888889,30.228039125555554
120.03184204333334,30.22803757333333
120.03183902777778,30.22803602111111
120.03183601222223,30.22803446888889
120.03183299666667,30.228032916666667
120.03182998111112,30.228031364444444
120.03182696555555,30.22802981222222
120.03182395,30.22802826
120.03182395,30.22802826
120.0318220488889,30.228027219999998
120.03182014777778,30.228026179999997
120.03181824666667,30.22802514
120.03181634555555,30.2280241
120.03181444444445,30.228023059999998
120.03181254333333,30.228022019999997
120.03181064222223,30.22802098
120.0318087411111,30.22801994
120.03180684,30.2280189
120.03180684,30.2280189
120.03180197444445,30.22801624
120.0317971088889,30.22801358
120.03179224333333,30.22801092
120.03178737777777,30.22800826
120.03178251222222,30.2280056
120.03177764666667,30.22800294
120.0317727811111,30.22800028
120.03176791555555,30.22799762
120.03176305,30.22799496
120.03176305,30.22799496
120.03175818333332,30.22799229888889
120.03175331666667,30.227989637777778
120.03174845,30.227986976666667
120.03174358333332,30.227984315555556
120.03173871666667,30.227981654444445
120.03173385,30.227978993333334
120.03172898333332,30.227976332222223
120.03172411666667,30.227973671111112
120.03171925,30.22797101
120.03171925,30.22797101
120.03171438333332,30.22796835
120.03170951666667,30.22796569
120.03170465,30.22796303
120.03169978333332,30.22796037
120.03169491666667,30.22795771
120.03169005,30.22795505
120.03168518333332,30.22795239
120.03168031666667,30.22794973
120.03167545,30.22794707
120.03167545,30.22794707
120.03167058333332,30.227944408888888
120.03166571666667,30.227941747777777
120.03166085,30.227939086666666
120.03165598333332,30.227936425555555
120.03165111666667,30.227933764444444
120.03164625,30.227931103333333
120.03164138333332,30.227928442222222
120.03163651666667,30.22792578111111
120.03163165,30.22792312
120.03163165,30.22792312
120.03162774333333,30.227920984444445
120.03162383666667,30.22791884888889
120.03161992999999,30.227916713333332
120.03161602333333,30.227914577777778
120.03161211666666,30.227912442222223
120.03160821,30.22791030666667
120.03160430333332,30.22790817111111
120.03160039666666,30.227906035555556
120.03159649,30.2279039
120.03159649,30.2279039
120.03159252666667,30.22790124
120.03158856333333,30.22789858
120.0315846,30.22789592
120.03158063666666,30.227893260000002
120.03157667333333,30.2278906
120.03157270999999,30.22788794
120.03156874666666,30.22788528
120.03156478333332,30.22788262
120.03156082,30.22787996
120.03156082,30.22787996
120.03155941444444,30.227878884444443
120.03155800888888,30.227877808888888
120.03155660333333,30.227876733333332
120.03155519777778,30.227875657777776
120.03155379222221,30.227874582222224
120.03155238666666,30.22787350666667
120.03155098111111,30.227872431111113
120.03154957555554,30.227871355555557
120.03154817,30.22787028
120.03154817,30.22787028
120.03154610777777,30.227868702222224
120.03154404555555,30.227867124444444
120.03154198333333,30.227865546666667
120.0315399211111,30.22786396888889
120.0315378588889,30.22786239111111
120.03153579666667,30.227860813333333
120.03153373444445,30.227859235555556
120.03153167222223,30.227857657777776
120.03152961,30.22785608
120.03152961,30.22785608
120.03152743333334,30.22785429
120.03152525666667,30.2278525
120.03152308,30.22785071
120.03152090333333,30.22784892
120.03151872666668,30.22784713
120.03151655,30.227845340000002
120.03151437333334,30.22784355
120.03151219666667,30.22784176
120.03151002,30.22783997
120.03151002,30.22783997
120.03150584777778,30.22783653777778
120.03150167555556,30.227833105555558
120.03149750333333,30.227829673333336
120.03149333111111,30.227826241111114
120.03148915888889,30.227822808888888
120.03148498666667,30.227819376666666
120.03148081444444,30.227815944444444
120.03147664222222,30.227812512222222
120.03147247,30.22780908
120.03147247,30.22780908
120.03146829777778,30.22780564888889
120.03146412555556,30.22780221777778
120.03145995333333,30.227798786666668
120.0314557811111,30.227795355555557
120.03145160888889,30.227791924444443
120.03144743666667,30.227788493333332
120.03144326444443,30.22778506222222
120.03143909222221,30.22778163111111
120.03143492,30.2277782
120.03143492,30.2277782
120.03143256,30.227776257777776
120.0314302,30.227774315555553
120.03142783999999,30.227772373333334
120.03142548,30.22777043111111
120.03142312,30.227768488888888
120.03142076,30.227766546666665
120.03141839999999,30.227764604444445
120.03141604,30.227762662222222
120.03141368,30.22776072
120.03141368,30.22776072
120.03141191222223,30.22775919111111
120.03141014444445,30.22775766222222
120.03140837666666,30.227756133333333
120.03140660888889,30.227754604444446
120.03140484111111,30.227753075555555
120.03140307333334,30.227751546666667
120.03140130555555,30.22775001777778
120.03139953777777,30.22774848888889
120.03139777,30.22774696
120.03139777,30.22774696
120.03139369888889,30.22774343888889
120.03138962777777,30.22773991777778
120.03138555666666,30.227736396666668
120.03138148555556,30.227732875555557
120.03137741444444,30.227729354444445
120.03137334333333,30.227725833333334
120.03136927222222,30.227722312222223
120.0313652011111,30.227718791111112
120.03136113,30.22771527
120.03136113,30.22771527
120.03135705888889,30.22771174777778
120.03135298777778,30.227708225555556
120.03134891666666,30.227704703333334
120.03134484555555,30.22770118111111
120.03134077444444,30.22769765888889
120.03133670333334,30.227694136666667
120.03133263222222,30.227690614444445
120.03132856111111,30.227687092222222
120.03132449,30.22768357
120.03132449,30.22768357
120.0313204188889,30.22768004888889
120.03131634777777,30.227676527777778
120.03131227666667,30.227673006666667
120.03130820555556,30.227669485555555
120.03130413444444,30.227665964444444
120.03130006333333,30.227662443333333
120.03129599222223,30.227658922222222
120.0312919211111,30.22765540111111
120.03128785,30.22765188
120.03128785,30.22765188
120.03128449111111,30.227648974444445
120.03128113222222,30.227646068888887
120.03127777333333,30.227643163333333
120.03127441444444,30.22764025777778
120.03127105555556,30.22763735222222
120.03126769666667,30.227634446666666
120.03126433777778,30.227631541111112
120.0312609788889,30.227628635555554
120.03125762,30.22762573
120.03125762,30.22762573
120.03125514444444,30.22762265888889
120.0312526688889,30.227619587777777
120.03125019333334,30.227616516666668
120.03124771777777,30.227613445555555
120.03124524222223,30.227610374444446
120.03124276666667,30.227607303333333
120.0312402911111,30.227604232222223
120.03123781555556,30.22760116111111
120.03123534,30.22759809
120.03123534,30.22759809
120.03123400888889,30.227596323333334
120.03123267777778,30.227594556666666
120.03123134666666,30.22759279
120.03123001555555,30.227591023333332
120.03122868444444,30.22758925666667
120.03122735333334,30.22758749
120.03122602222221,30.227585723333334
120.0312246911111,30.227583956666667
120.03122336,30.22758219
120.03122336,30.22758219
120.03122021666667,30.227578015555554
120.03121707333334,30.22757384111111
120.03121392999999,30.227569666666668
120.03121078666666,30.227565492222222
120.03120764333333,30.227561317777777
120.0312045,30.227557143333332
120.03120135666666,30.22755296888889
120.03119821333333,30.227548794444445
120.03119507,30.22754462
120.03119507,30.22754462
120.03119192666666,30.227540445555555
120.03118878333333,30.22753627111111
120.03118564,30.227532096666668
120.03118249666667,30.227527922222222
120.03117935333333,30.227523747777777
120.03117621,30.227519573333332
120.03117306666667,30.22751539888889
120.03116992333334,30.227511224444445
120.03116678,30.22750705
120.03116678,30.22750705
120.03116449333334,30.227504014444445
120.03116220666666,30.227500978888887
120.03115992000001,30.227497943333333
120.03115763333334,30.22749490777778
120.03115534666667,30.22749187222222
120.03115306,30.227488836666666
120.03115077333334,30.22748580111111
120.03114848666667,30.227482765555553
120.0311462,30.22747973
120.0311462,30.22747973
120.03114194333332,30.227474568888887
120.03113768666667,30.227469407777775
120.03113343,30.227464246666667
120.03112917333333,30.227459085555555
120.03112491666667,30.227453924444443
120.03112066,30.22744876333333
120.03111640333333,30.227443602222223
120.03111214666667,30.22743844111111
120.03110789,30.22743328
120.03110789,30.22743328
120.03110454555555,30.227429224444442
120.03110120111111,30.22742516888889
120.03109785666666,30.22742111333333
120.03109451222223,30.227417057777778
120.03109116777777,30.22741300222222
120.03108782333334,30.227408946666667
120.03108447888889,30.22740489111111
120.03108113444445,30.227400835555557
120.03107779,30.22739678
120.03107779,30.22739678
120.03107598111112,30.227394586666666
120.03107417222222,30.227392393333332
120.03107236333334,30.2273902
120.03107055444444,30.227388006666665
120.03106874555556,30.227385813333335
120.03106693666666,30.22738362
120.03106512777778,30.227381426666668
120.03106331888888,30.227379233333334
120.03106151,30.22737704
120.03106151,30.22737704
120.03106006777777,30.227375124444446
120.03105862555556,30.22737320888889
120.03105718333333,30.227371293333334
120.03105574111112,30.227369377777777
120.03105429888889,30.227367462222222
120.03105285666668,30.227365546666665
120.03105141444445,30.22736363111111
120.03104997222223,30.227361715555553
120.03104853,30.2273598
120.03104853,30.2273598
120.03104538555556,30.227355625555553
120.03104224111111,30.227351451111108
120.03103909666667,30.227347276666666
120.03103595222223,30.22734310222222 
120.03103280777778,30.227338927777776 
120.03102966333333,30.22733475333333 
120.0310265188889,30.22733057888889 
120.03102337444444,30.227326404444444 
120.03102023,30.22732223 
120.03102023,30.22732223 
120.03101708666667,30.227318055555553
120.03101394333333,30.227313881111108
120.0310108,30.227309706666667
120.03100765666667,30.22730553222222
120.03100451333333,30.227301357777776
120.03100137,30.22729718333333
120.03099822666667,30.22729300888889
120.03099508333334,30.227288834444444
120.03099194,30.22728466
120.03099194,30.22728466
120.03098877555556,30.227280456666666
120.03098561111112,30.227276253333333
120.03098244666667,30.22727205
120.03097928222222,30.227267846666667
120.03097611777778,30.22726364333333
120.03097295333333,30.227259439999997
120.03096978888888,30.227255236666664
120.03096662444445,30.22725103333333
120.03096346,30.22724683
